# ----- Rotor performance tables for the WISDEM tuning wind turbine ----- 
# ------------ Written on Dec-11-20 using the ROSCO toolbox ------------ 

# Pitch angle vector, 20 entries - x axis (matrix columns) (deg)
-5.0   -3.158   -1.316   0.5263   2.368   4.211   6.053   7.895   9.737   11.58   13.42   15.26   17.11   18.95   20.79   22.63   24.47   26.32   28.16   30.0   
# TSR vector, 20 entries - y axis (matrix rows) (-)
2.0    2.526    3.053    3.579    4.105    4.632    5.158    5.684    6.211    6.737    7.263    7.789    8.316    8.842    9.368    9.895    10.42    10.95    11.47    12.0    
# Wind speed vector - z axis (m/s)
9.913    

# Power coefficient

0.005413   0.009349   0.013161   0.016857   0.020459   0.023997   0.027500   0.031008   0.034562   0.038226   0.042073   0.046200   0.050272   0.052989   0.054165   0.054556   0.054616   0.053986   0.051955   0.048183   
0.012936   0.019223   0.025383   0.031462   0.037518   0.043620   0.049871   0.056401   0.063297   0.070465   0.075335   0.077606   0.078957   0.080004   0.079369   0.075615   0.068733   0.059612   0.049114   0.037093   
0.023880   0.033573   0.043203   0.052879   0.062799   0.073109   0.083774   0.094943   0.102166   0.106027   0.109581   0.112322   0.110220   0.102354   0.090369   0.075944   0.060195   0.042882   0.023856   0.004421   
0.038858   0.053264   0.067869   0.082990   0.098192   0.114361   0.128475   0.136299   0.143504   0.150541   0.149379   0.138961   0.122550   0.103212   0.081767   0.058917   0.033316   0.006434   -0.020930   -0.048404   
0.058448   0.079472   0.100929   0.121860   0.144755   0.162975   0.175003   0.189358   0.196037   0.187453   0.168756   0.145079   0.118734   0.089665   0.058526   0.024861   -0.011088   -0.046626   -0.083552   -0.117604   
0.083790   0.112871   0.140628   0.171472   0.197534   0.217274   0.240072   0.243934   0.228653   0.203641   0.173874   0.139239   0.103095   0.063893   0.020563   -0.024402   -0.070171   -0.117384   -0.161658   -0.202122   
0.114708   0.150759   0.190161   0.228679   0.259375   0.291784   0.294137   0.275266   0.245619   0.208376   0.168303   0.124559   0.076292   0.024556   -0.030775   -0.087221   -0.145703   -0.203256   -0.255772   -0.303100   
0.148185   0.195837   0.250399   0.295746   0.340630   0.345305   0.325802   0.293690   0.253276   0.206286   0.155140   0.099541   0.038868   -0.026331   -0.094719   -0.164851   -0.237552   -0.305572   -0.367548   -0.423246   
0.184898   0.254415   0.319112   0.381024   0.394267   0.379544   0.347935   0.304070   0.253839   0.196927   0.134750   0.065872   -0.008797   -0.088373   -0.171230   -0.258569   -0.345417   -0.426205   -0.498284   -0.564574   
0.233254   0.319865   0.404707   0.432054   0.427049   0.401869   0.361304   0.309520   0.249259   0.181715   0.106756   0.023813   -0.066243   -0.162134   -0.262470   -0.368605   -0.472201   -0.565394   -0.650767   -0.727767   
0.290118   0.396711   0.445924   0.460308   0.448734   0.417557   0.370892   0.310605   0.240356   0.160828   0.071851   -0.026542   -0.133910   -0.247776   -0.369261   -0.496947   -0.617361   -0.726048   -0.826362   -0.913362   
0.350761   0.416551   0.455744   0.472333   0.461906   0.428709   0.376320   0.308104   0.227433   0.134458   0.030532   -0.085996   -0.212334   -0.346709   -0.493164   -0.644219   -0.782988   -0.909835   -1.026413   -1.121774   
0.355896   0.407770   0.446217   0.473278   0.469631   0.436471   0.379174   0.302482   0.209607   0.103232   -0.017978   -0.153874   -0.301505   -0.460392   -0.635037   -0.811469   -0.970541   -1.118946   -1.251473   -1.354165   
0.340401   0.389566   0.429934   0.464100   0.472273   0.440782   0.378981   0.292938   0.188595   0.066338   -0.074000   -0.231324   -0.402775   -0.589179   -0.797271   -0.998894   -1.182636   -1.354448   -1.502328   -1.612480   
0.311312   0.365975   0.410877   0.449786   0.469482   0.442223   0.375716   0.281276   0.163254   0.023494   -0.137113   -0.318362   -0.516044   -0.735441   -0.979753   -1.208787   -1.420904   -1.617395   -1.780009   -1.899264   
0.275356   0.337384   0.389797   0.432926   0.461744   0.440313   0.370930   0.266321   0.133401   -0.024979   -0.208354   -0.415858   -0.642957   -0.900788   -1.183229   -1.442837   -1.686749   -1.908799   -2.085846   -2.217250   
0.232260   0.305081   0.365728   0.414640   0.449656   0.436598   0.363426   0.247974   0.099377   -0.079219   -0.287090   -0.523478   -0.784329   -1.086530   -1.408264   -1.702908   -1.981430   -2.229717   -2.421511   -2.569040   
0.183217   0.268199   0.339000   0.394051   0.435603   0.429764   0.353165   0.226560   0.061141   -0.139211   -0.374867   -0.642627   -0.941193   -1.293613   -1.656131   -1.990548   -2.306176   -2.581287   -2.788928   -2.957041   
0.129749   0.227130   0.308753   0.372549   0.418802   0.419681   0.340420   0.202276   0.018173   -0.206142   -0.471163   -0.773978   -1.114984   -1.522649   -1.928301   -2.307083   -2.662213   -2.964733   -3.190116   -3.383444   
0.076755   0.181449   0.276513   0.348613   0.399671   0.406657   0.325319   0.174480   -0.028733   -0.279360   -0.577048   -0.917905   -1.307143   -1.774034   -2.226444   -2.653757   -3.050768   -3.381355   -3.627117   -3.850297   


#  Thrust coefficient

0.088593   0.087626   0.086560   0.085424   0.084263   0.083122   0.082052   0.081108   0.080352   0.079851   0.079672   0.079750   0.079573   0.078480   0.076402   0.073890   0.071315   0.068302   0.064183   0.058598   
0.112546   0.111493   0.110471   0.109556   0.108832   0.108396   0.108350   0.108799   0.109738   0.110375   0.109451   0.106982   0.104155   0.101397   0.097364   0.090767   0.081469   0.070285   0.058193   0.044944   
0.142886   0.142189   0.141789   0.141831   0.142465   0.143841   0.145907   0.147303   0.146217   0.143473   0.141231   0.138583   0.131948   0.120388   0.105298   0.088321   0.070753   0.052120   0.032226   0.012700   
0.180303   0.180619   0.181686   0.183698   0.186758   0.189886   0.190426   0.188334   0.187186   0.186397   0.178646   0.162945   0.142161   0.119380   0.095228   0.070515   0.043479   0.016104   -0.009993   -0.033205   
0.225563   0.227782   0.231283   0.235905   0.239866   0.240284   0.239651   0.242813   0.239345   0.222649   0.197275   0.168275   0.137751   0.105249   0.071699   0.036543   0.000459   -0.032026   -0.061565   -0.086203   
0.279500   0.284421   0.290482   0.295868   0.297765   0.300755   0.308659   0.299664   0.273692   0.239994   0.203354   0.162621   0.121989   0.079503   0.034077   -0.010689   -0.052089   -0.088610   -0.118742   -0.141665   
0.342543   0.349968   0.357508   0.362357   0.370285   0.383623   0.369252   0.336045   0.294440   0.246729   0.198552   0.148244   0.095097   0.040465   -0.014922   -0.066544   -0.111816   -0.149830   -0.178289   -0.198036   
0.413961   0.423842   0.432799   0.446001   0.467202   0.449714   0.410170   0.360962   0.305996   0.246608   0.185779   0.123138   0.058024   -0.008281   -0.072340   -0.128830   -0.176982   -0.213833   -0.239772   -0.256955   
0.493989   0.507546   0.525412   0.558037   0.542589   0.500400   0.443614   0.377539   0.309424   0.238259   0.165659   0.089841   0.012065   -0.064808   -0.135667   -0.196537   -0.245160   -0.280322   -0.303733   -0.318411   
0.585218   0.606464   0.653580   0.643782   0.600509   0.539308   0.466880   0.388419   0.307136   0.223915   0.138188   0.049099   -0.041207   -0.127973   -0.204697   -0.268281   -0.316524   -0.349317   -0.370863   -0.381776   
0.690682   0.750811   0.750599   0.712301   0.648788   0.571456   0.485990   0.394344   0.300426   0.204095   0.104493   0.001663   -0.100969   -0.196380   -0.278318   -0.343788   -0.390370   -0.421841   -0.440858   -0.446670   
0.852827   0.855170   0.822575   0.765676   0.688563   0.598981   0.500528   0.396593   0.289824   0.179247   0.065383   -0.052332   -0.166582   -0.269732   -0.356363   -0.422021   -0.467842   -0.497717   -0.513837   -0.512525   
0.968747   0.935374   0.880500   0.811356   0.724281   0.623473   0.512728   0.395787   0.274557   0.150211   0.020604   -0.111391   -0.236994   -0.347982   -0.437659   -0.503892   -0.548822   -0.577436   -0.589353   -0.579230   
1.067547   1.007672   0.930920   0.849423   0.756454   0.645092   0.522041   0.391210   0.256587   0.116471   -0.029549   -0.175800   -0.312465   -0.429968   -0.522898   -0.589140   -0.633966   -0.660895   -0.667081   -0.647129   
1.155515   1.074011   0.978669   0.884379   0.785012   0.664555   0.528573   0.384943   0.234908   0.078079   -0.084098   -0.244821   -0.391907   -0.516156   -0.611472   -0.678545   -0.723314   -0.747940   -0.746863   -0.716830   
1.240405   1.137154   1.026591   0.917752   0.810528   0.681449   0.534094   0.375861   0.209565   0.035668   -0.143458   -0.318581   -0.475861   -0.606288   -0.704009   -0.772232   -0.816965   -0.838402   -0.828706   -0.788934   
1.321629   1.200912   1.074077   0.950911   0.833147   0.697531   0.537457   0.364010   0.181092   -0.010546   -0.206519   -0.396026   -0.564048   -0.700255   -0.800588   -0.870367   -0.914913   -0.932150   -0.912767   -0.863878   
1.402364   1.264623   1.121832   0.983348   0.855114   0.711536   0.538773   0.349794   0.149636   -0.060184   -0.274109   -0.477844   -0.656296   -0.798109   -0.901438   -0.973070   -1.017129   -1.029083   -0.999266   -0.941925   
1.482603   1.328850   1.169319   1.016815   0.875526   0.723484   0.538319   0.333524   0.114985   -0.113861   -0.345337   -0.563940   -0.752537   -0.899982   -1.006747   -1.080405   -1.123573   -1.129141   -1.088415   -1.023183   
1.554520   1.393074   1.218371   1.049984   0.894849   0.733719   0.536311   0.314812   0.078047   -0.170706   -0.420631   -0.654057   -0.852740   -1.006011   -1.116644   -1.192384   -1.234197   -1.232281   -1.180413   -1.107662   


# Torque coefficient

0.002715   0.004690   0.006603   0.008457   0.010264   0.012039   0.013797   0.015556   0.017340   0.019178   0.021108   0.023178   0.025221   0.026585   0.027175   0.027371   0.027401   0.027085   0.026066   0.024173   
0.005138   0.007635   0.010081   0.012496   0.014901   0.017325   0.019808   0.022401   0.025140   0.027987   0.029922   0.030823   0.031360   0.031776   0.031524   0.030033   0.027299   0.023676   0.019507   0.014733   
0.007849   0.011035   0.014201   0.017381   0.020642   0.024031   0.027536   0.031208   0.033582   0.034851   0.036019   0.036920   0.036229   0.033644   0.029704   0.024963   0.019786   0.014095   0.007841   0.001453   
0.010894   0.014933   0.019028   0.023267   0.027529   0.032062   0.036019   0.038213   0.040233   0.042206   0.041880   0.038959   0.034358   0.028937   0.022924   0.016518   0.009340   0.001804   -0.005868   -0.013570   
0.014286   0.019424   0.024669   0.029785   0.035381   0.039834   0.042774   0.046282   0.047915   0.045817   0.041247   0.035460   0.029021   0.021916   0.014305   0.006076   -0.002710   -0.011396   -0.020421   -0.028744   
0.018152   0.024453   0.030466   0.037148   0.042794   0.047071   0.052010   0.052847   0.049536   0.044117   0.037668   0.030165   0.022335   0.013842   0.004455   -0.005287   -0.015202   -0.025430   -0.035022   -0.043788   
0.022315   0.029328   0.036993   0.044486   0.050458   0.056762   0.057220   0.053549   0.047782   0.040537   0.032741   0.024231   0.014842   0.004777   -0.005987   -0.016968   -0.028345   -0.039541   -0.049757   -0.058964   
0.026158   0.034570   0.044201   0.052206   0.060129   0.060955   0.057512   0.051843   0.044709   0.036414   0.027386   0.017571   0.006861   -0.004648   -0.016720   -0.029100   -0.041934   -0.053941   -0.064881   -0.074713   
0.029873   0.041104   0.051557   0.061560   0.063699   0.061321   0.056214   0.049127   0.041011   0.031816   0.021771   0.010643   -0.001421   -0.014278   -0.027665   -0.041775   -0.055807   -0.068859   -0.080505   -0.091215   
0.034741   0.047641   0.060278   0.064351   0.063605   0.059855   0.053813   0.046101   0.037125   0.027065   0.015900   0.003547   -0.009866   -0.024149   -0.039093   -0.054901   -0.070331   -0.084211   -0.096926   -0.108395   
0.040080   0.054805   0.061604   0.063591   0.061992   0.057685   0.051238   0.042910   0.033205   0.022218   0.009926   -0.003667   -0.018500   -0.034230   -0.051013   -0.068653   -0.085288   -0.100303   -0.114161   -0.126180   
0.045183   0.053658   0.058706   0.060843   0.059500   0.055224   0.048476   0.039688   0.029297   0.017320   0.003933   -0.011078   -0.027352   -0.044661   -0.063527   -0.082985   -0.100860   -0.117200   -0.132217   -0.144501   
0.042943   0.049202   0.053841   0.057107   0.056667   0.052665   0.045752   0.036498   0.025292   0.012456   -0.002169   -0.018567   -0.036380   -0.055552   -0.076625   -0.097913   -0.117107   -0.135014   -0.151005   -0.163396   
0.038629   0.044208   0.048789   0.052666   0.053593   0.050020   0.043007   0.033242   0.021402   0.007528   -0.008398   -0.026251   -0.045707   -0.066860   -0.090474   -0.113354   -0.134205   -0.153702   -0.170483   -0.182983   
0.033343   0.039197   0.044007   0.048174   0.050284   0.047364   0.040241   0.030126   0.017485   0.002516   -0.014685   -0.034098   -0.055270   -0.078769   -0.104936   -0.129466   -0.152185   -0.173230   -0.190647   -0.203419   
0.027923   0.034213   0.039528   0.043902   0.046824   0.044651   0.037615   0.027007   0.013528   -0.002533   -0.021129   -0.042171   -0.065201   -0.091346   -0.119988   -0.146314   -0.171049   -0.193566   -0.211520   -0.224845   
0.022363   0.029375   0.035214   0.039924   0.043295   0.042038   0.034993   0.023876   0.009569   -0.007628   -0.027643   -0.050403   -0.075520   -0.104617   -0.135596   -0.163966   -0.190783   -0.214690   -0.233157   -0.247362   
0.016793   0.024582   0.031072   0.036117   0.039926   0.039391   0.032370   0.020766   0.005604   -0.012760   -0.034359   -0.058901   -0.086266   -0.118568   -0.151795   -0.182447   -0.211376   -0.236592   -0.255623   -0.271032   
0.011347   0.019863   0.027001   0.032580   0.036625   0.036702   0.029770   0.017689   0.001589   -0.018028   -0.041204   -0.067686   -0.097508   -0.133159   -0.168634   -0.201759   -0.232816   -0.259272   -0.278982   -0.295889   
0.006418   0.015172   0.023121   0.029150   0.033419   0.034003   0.027202   0.014589   -0.002403   -0.023359   -0.048251   -0.076752   -0.109299   -0.148338   -0.186167   -0.221898   -0.255094   -0.282737   -0.303287   -0.321948   

