1  IEA-3.4MW-RWT, Based on IEA-3.4MW-130D-RWT, version 4.30. aerodynamic Data from the Excel file
7				
1    145  21.00   DU08-W-210  (Re=12x10^6)
-180.00		0.00000	    0.00000	    0.00000
-175.00		0.25026	    0.03770	    0.20000
-170.00		0.50052	    0.07539	    0.40000
-165.00		0.65457	    0.12387	    0.15025
-160.00		0.80862	    0.17235	    -0.09950
-155.00		0.76446	    0.26890	    -0.06607
-150.00		0.72031	    0.36545	    -0.03264
-145.00		0.69575	    0.48388	    -0.00756
-140.00		0.67118	    0.60230	    0.01752
-135.00		0.63633	    0.72831	    0.04322
-130.00		0.60148	    0.85431	    0.06891
-125.00		0.54789	    0.97269	    0.09538
-120.00		0.49430	    1.09106	    0.12185
-115.00		0.42221	    1.18751	    0.14706
-110.00		0.35013	    1.28395	    0.17226
-105.00		0.26489	    1.34682	    0.19344
-100.00		0.17965	    1.40968	    0.21462
-95.00		0.08983	    1.43137	    0.22908
-90.00		0.00000	    1.45306	    0.24354
-85.00		-0.08983	1.43137	    0.24961
-80.00		-0.17965	1.40968	    0.25567
-75.00		-0.26489	1.34682	    0.25355
-70.00		-0.35013	1.28395	    0.25143
-65.00		-0.42221	1.18751	    0.24308
-60.00		-0.49430	1.09106	    0.23472
-55.00		-0.54789	0.97269	    0.22345
-50.00		-0.60148	0.85431	    0.21218
-45.00		-0.64050	0.72831	    0.20162
-40.00		-0.67118	0.60230	    0.19369
-38.00		-0.68165	0.55275	    0.19174
-36.00		-0.69144	0.50406	    0.19077
-34.00		-0.70087	0.45646	    0.19102
-32.00		-0.71032	0.41018	    0.19279
-30.00		-0.72031	0.36545	    0.19647
-28.00		-0.73146	0.32249	    0.20254
-26.00		-0.74459	0.28150	    0.21171
-24.00		-0.76078	0.24269	    0.22490
-22.00		-0.78146	0.20625	    0.24348
-20.00		-0.80862	0.17235	    0.26946
-19.00		-0.82546	0.15640	    0.28613
-18.00		-0.82000	0.14115	    0.28000
-17.00		-0.81374	0.12796	    0.26627
-16.00		-0.78241	0.11477	    0.22658
-15.00		-0.75109	0.10158	    0.18689
-14.00		-0.71976	0.08839	    0.14720
-13.50		-0.70409	0.08179	    0.12736
-13.00		-0.68843	0.07520	    0.10751
-12.50		-0.67277	0.06860	    0.08767
-12.00		-0.65710	0.06200	    0.06783
-11.50		-0.64144	0.05541	    0.04798
-11.00		-0.62578	0.04881	    0.02814
-10.50		-0.61011	0.04222	    0.00829
-10.00		-0.59445	0.03562	    -0.01155
-9.50		-0.57879	0.02902	    -0.03140
-9.00		-0.56312	0.02243	    -0.05124
-8.50		-0.53550	0.01703	    -0.06884
-8.00		-0.50788	0.01163	    -0.08645
-7.50		-0.43732	0.01019	    -0.09514
-7.00		-0.36610	0.00900	    -0.10250
-6.50		-0.30350	0.00760	    -0.10480
-6.00		-0.24150	0.00720	    -0.10680
-5.50		-0.18000	0.00690	    -0.10850
-5.00		-0.11870	0.00670	    -0.11010
-4.50		-0.05770	0.00650	    -0.11160
-4.00		0.00300	    0.00640	    -0.11300
-3.50		0.06350	    0.00640	    -0.11430
-3.00		0.12420	    0.00630	    -0.11550
-2.50		0.18460	    0.00630	    -0.11680
-2.00		0.24470	    0.00630	    -0.11790
-1.50		0.30510	    0.00630	    -0.11900
-1.00		0.36510	    0.00630	    -0.12020
-0.50		0.42510	    0.00630	    -0.12130
0.00		0.48480	    0.00640	    -0.12240
0.50		0.54480	    0.00640	    -0.12350
1.00		0.60430	    0.00640	    -0.12450
1.50		0.66370	    0.00650	    -0.12540
2.00		0.72310	    0.00650	    -0.12640
2.50		0.78230	    0.00660	    -0.12740
3.00		0.84100	    0.00670	    -0.12830
3.50		0.90010	    0.00680	    -0.12910
4.00		0.95850	    0.00690	    -0.13000
4.50		1.01660	    0.00700	    -0.13070
5.00		1.07450	    0.00710	    -0.13140
5.50		1.13190	    0.00730	    -0.13210
6.00		1.18800	    0.00760	    -0.13250
6.50		1.24190	    0.00810	    -0.13260
7.00		1.29100	    0.00900	    -0.13210
7.50		1.33340	    0.01050	    -0.13040
8.00		1.37250	    0.01200	    -0.12830
8.50		1.41180	    0.01340	    -0.12630
9.00		1.45110	    0.01450	    -0.12420
9.50		1.48870	    0.01560	    -0.12170
10.00		1.51620	    0.01650	    -0.12170
10.50		1.54220	    0.01780	    -0.12170
11.00		1.56260	    0.01950	    -0.12170
11.50		1.58040	    0.02150	    -0.12220
12.00		1.58710	    0.03500	    -0.12380
12.50		1.54855	    0.04850	    -0.12540
13.00		1.51000	    0.06200	    -0.12700
13.50		1.46000	    0.07550	    -0.12860
14.00		1.41000	    0.08900	    -0.13020
15.00		1.34000	    0.10250	    -0.13180
16.00		1.30000	    0.11600	    -0.13340
17.00		1.26000	    0.12950	    -0.13500
18.00		1.20000	    0.14300	    -0.13660
19.00		1.17923	    0.15640	    -0.13820
20.00		1.15517	    0.17235	    -0.14799
22.00		1.11638	    0.20625	    -0.17204
24.00		1.08683	    0.24269	    -0.19157
26.00		1.06370	    0.28150	    -0.20810
28.00		1.04494	    0.32249	    -0.22259
30.00		1.02901	    0.36545	    -0.23566
32.00		1.01475	    0.41018	    -0.24774
34.00		1.00124	    0.45646	    -0.25910
36.00		0.98777	    0.50406	    -0.26994
38.00		0.97379	    0.55275	    -0.28038
40.00		0.95883	    0.60230	    -0.29052
45.00		0.91501	    0.72831	    -0.31493
50.00		0.85926	    0.85431	    -0.33838
55.00		0.78270	    0.97269	    -0.36057
60.00		0.70614	    1.09106	    -0.38276
65.00		0.60316	    1.18751	    -0.40288
70.00		0.50019	    1.28395	    -0.42300
75.00		0.37842	    1.34682	    -0.44011
80.00		0.25665	    1.40968	    -0.45721
85.00		0.12832	    1.43137	    -0.47010
90.00		0.00000	    1.45306	    -0.48299
95.00		-0.08983	1.43137	    -0.48905
100.00		-0.17965	1.40968	    -0.49511
105.00		-0.26489	1.34682	    -0.49299
110.00		-0.35013	1.28395	    -0.49087
115.00		-0.42221	1.18751	    -0.48252
120.00		-0.49430	1.09106	    -0.47417
125.00		-0.54789	0.97269	    -0.46289
130.00		-0.60148	0.85431	    -0.45162
135.00		-0.63633	0.72831	    -0.44238
140.00		-0.67118	0.60230	    -0.43313
145.00		-0.69575	0.48388	    -0.43452
150.00		-0.72031	0.36545	    -0.43591
155.00		-0.76446	0.26890	    -0.47240
160.00		-0.80862	0.17235	    -0.50890
165.00		-0.63905	0.12538	    -0.50445
170.00		-0.46948	0.07842	    -0.50000
175.00		-0.23474	0.03921	    -0.25000
180.00		0.00000	    0.00000	    0.00000
2     145  25.0000 DU91-W2-250 (Re=3.0E+06)
-180.00		0.00000		0.00000		0.00000
-175.00		0.18148		0.05621		0.20000
-170.00		0.36295		0.11241		0.40000
-165.00		0.54443		0.16861		0.19827
-160.00		0.72590		0.22482		-0.00346
-155.00		0.73125		0.31385		-0.01941
-150.00		0.73660		0.40288		-0.03536
-145.00		0.70885		0.51915		-0.00831
-140.00		0.68110		0.63541		0.01875
-135.00		0.64422		0.75875		0.04548
-130.00		0.60734		0.88209		0.07220
-125.00		0.55239		0.99738		0.09933
-120.00		0.49743		1.11267		0.12646
-115.00		0.42446		1.20570		0.15214
-110.00		0.35148		1.29873		0.17782
-105.00		0.26573		1.35796		0.19935
-100.00		0.17999		1.41719		0.22089
-95.00		0.08999		1.43513		0.23560
-90.00		0.00000		1.45306		0.25032
-85.00		-0.08999	1.43513		0.25849
-80.00		-0.17999	1.41719		0.26667
-75.00		-0.26573	1.35796		0.26663
-70.00		-0.35148	1.29873		0.26659
-65.00		-0.42446	1.20570		0.26020
-60.00		-0.49743	1.11267		0.25380
-55.00		-0.55239	0.99738		0.24438
-50.00		-0.60734	0.88209		0.23496
-45.00		-0.64818	0.75888		0.22630
-40.00		-0.68110	0.63541		0.22044
-38.00		-0.69261	0.58681		0.21943
-36.00		-0.70354	0.53903		0.21949
-34.00		-0.71422	0.49229		0.22089
-32.00		-0.72506	0.44683		0.22396
-30.00		-0.73660	0.40288		0.22914
-28.00		-0.74950	0.36065		0.23701
-26.00		-0.76461	0.32035		0.24834
-24.00		-0.78307	0.28218		0.26420
-22.00		-0.81181	0.24608		0.24518
-20.00		-0.84743	0.21034		0.18694
-19.00		-0.86524	0.19248		0.15782
-18.00		-0.88305	0.17461		0.12870
-17.00		-0.90085	0.15674		0.09958
-16.00		-0.91866	0.13887		0.07046
-15.00		-0.93647	0.12101		0.04134
-14.00		-0.95428	0.10314		0.01223
-13.50		-0.96318	0.09420		-0.00233
-13.00		-0.97208	0.08527		-0.01689
-12.50		-0.96078	0.07452		-0.02419
-12.00		-0.94948	0.06377		-0.03149
-11.50		-0.92624	0.05452		-0.03315
-11.00		-0.90300	0.04527		-0.03481
-10.50		-0.87112	0.03842		-0.03893
-10.00		-0.83924	0.03157		-0.04305
-9.50		-0.80604	0.02613		-0.04705
-9.00		-0.77284	0.02069		-0.05105
-8.50		-0.71749	0.01674		-0.05947
-8.00		-0.66214	0.01278		-0.06788
-7.50		-0.59492	0.01163		-0.07388
-7.00		-0.52770	0.01048		-0.07988
-6.50		-0.45743	0.00976		-0.08608
-6.00		-0.38716	0.00905		-0.09227
-5.50		-0.31710	0.00874		-0.09708
-5.00		-0.24704	0.00844		-0.10189
-4.50		-0.17873	0.00829		-0.10519
-4.00		-0.11042	0.00815		-0.10850
-3.50		-0.04392	0.00798		-0.11138
-3.00		0.02284		0.00782		-0.11378
-2.50		0.08886		0.00771		-0.11621
-2.00		0.15462		0.00760		-0.11855
-1.50		0.21918		0.00756		-0.12049
-1.00		0.28346		0.00753		-0.12240
-0.50		0.34559		0.00760		-0.12410
0.00		0.40775		0.00766		-0.12579
0.50		0.47025		0.00766		-0.12733
1.00		0.53287		0.00766		-0.12869
1.50		0.59550		0.00766		-0.13005
2.00		0.65800		0.00779		-0.13130
2.50		0.72050		0.00793		-0.13255
3.00		0.78183		0.00806		-0.13364
3.50		0.84299		0.00818		-0.13471
4.00		0.90376		0.00831		-0.13562
4.50		0.96410		0.00848		-0.13633
5.00		1.02445		0.00866		-0.13704
5.50		1.08280		0.00890		-0.13728
6.00		1.14115		0.00915		-0.13753
6.50		1.19476		0.00948		-0.13706
7.00		1.24837		0.00981		-0.13658
7.50		1.28898		0.01055		-0.13420
8.00		1.32959		0.01129		-0.13182
8.50		1.34749		0.01299		-0.12728
9.00		1.36539		0.01469		-0.12275
9.50		1.33581		0.02541		-0.12274
10.00		1.30622		0.03612		-0.12274
10.50		1.23131		0.04552		-0.12195
11.00		1.15639		0.05492		-0.12115
11.50		1.13253		0.05896		-0.11672
12.00		1.10867		0.06299		-0.11230
12.50		1.10268		0.06985		-0.10895
13.00		1.09668		0.07671		-0.10560
13.50		1.10443		0.08499		-0.10696
14.00		1.11218		0.09327		-0.10831
15.00		1.12574		0.11100		-0.11229
16.00		1.12882		0.12528		-0.11325
17.00		1.12162		0.13729		-0.11199
18.00		1.12738		0.15514		-0.11490
19.00		1.13392		0.17631		-0.12142
20.00		1.13910		0.19553		-0.12614
22.00		1.14722		0.24454		-0.14212
24.00		1.11867		0.28218		-0.16487
26.00		1.09230		0.32035		-0.18419
28.00		1.07071		0.36065		-0.20091
30.00		1.05229		0.40288		-0.21581
32.00		1.03580		0.44683		-0.22940
34.00		1.02031		0.49229		-0.24203
36.00		1.00505		0.53903		-0.25396
38.00		0.98944		0.58681		-0.26534
40.00		0.97300		0.63541		-0.27631
45.00		0.92598		0.75888		-0.30241
50.00		0.86763		0.88209		-0.32715
55.00		0.78912		0.99738		-0.35028
60.00		0.71062		1.11267		-0.37341
65.00		0.60637		1.20570		-0.39415
70.00		0.50212		1.29873		-0.41489
75.00		0.37962		1.35796		-0.43241
80.00		0.25712		1.41719		-0.44992
85.00		0.12856		1.43513		-0.46307
90.00		0.00000		1.45306		-0.47621
95.00		-0.08999	1.43513		-0.48439
100.00		-0.17999	1.41719		-0.49257
105.00		-0.26573	1.35796		-0.49253
110.00		-0.35148	1.29873		-0.49249
115.00		-0.42446	1.20570		-0.48610
120.00		-0.49743	1.11267		-0.47970
125.00		-0.55239	0.99738		-0.47028
130.00		-0.60734	0.88209		-0.46086
135.00		-0.64422	0.75875		-0.45360
140.00		-0.68110	0.63541		-0.44634
145.00		-0.70885	0.51915		-0.45069
150.00		-0.73660	0.40288		-0.45504
155.00		-0.71352	0.31620		-0.47760
160.00		-0.69044	0.22952		-0.50015
165.00		-0.51783	0.17214		-0.50008
170.00		-0.34522	0.11476		-0.50000
175.00		-0.17261	0.05738		-0.25000
180.00		0.00000		0.00000		0.00000
3    145  30.0000  DU97-W-300 (Re=3.0E+06)
-180.00		0.00000		0.00000		0.00000
-175.00		0.18301		0.04674		0.20000
-170.00		0.36602		0.09349		0.40000
-165.00		0.54903		0.14023		0.19412
-160.00		0.73204		0.18698		-0.01177
-155.00		0.72120		0.27895		-0.00843
-150.00		0.71036		0.37093		-0.00510
-145.00		0.68775		0.48904		0.02014
-140.00		0.66513		0.60715		0.04538
-135.00		0.63152		0.73276		0.07123
-130.00		0.59790		0.85838		0.09709
-125.00		0.54514		0.97630		0.12363
-120.00		0.49238		1.09422		0.15018
-115.00		0.42084		1.19017		0.17537
-110.00		0.34930		1.28611		0.20056
-105.00		0.26438		1.34845		0.22163
-100.00		0.17945		1.41078		0.24271
-95.00		0.08973		1.43192		0.25701
-90.00		0.00000		1.45306		0.27131
-85.00		-0.08973	1.43192		0.27748
-80.00		-0.17945	1.41078		0.28364
-75.00		-0.26438	1.34845		0.28159
-70.00		-0.34930	1.28611		0.27955
-65.00		-0.42084	1.19017		0.27118
-60.00		-0.49238	1.09422		0.26282
-55.00		-0.54514	0.97630		0.25138
-50.00		-0.59790	0.85838		0.23995
-45.00		-0.63582	0.73279		0.22906
-40.00		-0.66513	0.60715		0.22061
-38.00		-0.67497	0.55774		0.21840
-36.00		-0.68406	0.50918		0.21712
-34.00		-0.69272	0.46170		0.21701
-32.00		-0.70133	0.41555		0.21835
-30.00		-0.71036	0.37093		0.22152
-28.00		-0.72045	0.32807		0.22700
-26.00		-0.73238	0.28719		0.23545
-24.00		-0.74718	0.24847		0.24777
-22.00		-0.76625	0.21211		0.26527
-20.00		-0.92153	0.19688		0.19620
-19.00		-0.99917	0.18926		0.16166
-18.00		-1.07681	0.18164		0.12713
-17.00		-1.15445	0.17402		0.09259
-16.00		-1.23209	0.16640		0.05806
-15.00		-1.25939	0.15497		0.03223
-14.00		-1.19356	0.13659		0.02016
-13.50		-1.15169	0.12679		0.01234
-13.00		-1.10982	0.11699		0.00453
-12.50		-1.06479	0.10756		-0.00395
-12.00		-1.01976	0.09813		-0.01243
-11.50		-0.97537	0.09046		-0.01878
-11.00		-0.93098	0.08278		-0.02513
-10.50		-0.88426	0.07623		-0.02998
-10.00		-0.83753	0.06967		-0.03483
-9.50		-0.80147	0.05981		-0.04089
-9.00		-0.76540	0.04995		-0.04694
-8.50		-0.75130	0.03701		-0.05197
-8.00		-0.73720	0.02408		-0.05699
-7.50		-0.69316	0.02059		-0.05869
-7.00		-0.64911	0.01710		-0.06039
-6.50		-0.57827	0.01587		-0.06443
-6.00		-0.50742	0.01465		-0.06847
-5.50		-0.43819	0.01369		-0.07207
-5.00		-0.36896	0.01272		-0.07566
-4.50		-0.30101	0.01211		-0.07891
-4.00		-0.23306	0.01151		-0.08215
-3.50		-0.16655	0.01116		-0.08508
-3.00		-0.10055	0.01086		-0.08792
-2.50		-0.03620	0.01071		-0.09049
-2.00		0.02803		0.01056		-0.09303
-1.50		0.09179		0.01044		-0.09547
-1.00		0.15563		0.01032		-0.09789
-0.50		0.22128		0.01039		-0.10022
0.00		0.28687		0.01046		-0.10253
0.50		0.35137		0.01054		-0.10463
1.00		0.41584		0.01062		-0.10671
1.50		0.47986		0.01061		-0.10858
2.00		0.54388		0.01060		-0.11045
2.50		0.60582		0.01075		-0.11209
3.00		0.66759		0.01091		-0.11371
3.50		0.72928		0.01102		-0.11505
4.00		0.79096		0.01113		-0.11636
4.50		0.85190		0.01128		-0.11752
5.00		0.91284		0.01142		-0.11867
5.50		0.97183		0.01163		-0.11954
6.00		1.03083		0.01183		-0.12040
6.50		1.08804		0.01210		-0.12091
7.00		1.14525		0.01236		-0.12142
7.50		1.20040		0.01267		-0.12151
8.00		1.25555		0.01298		-0.12160
8.50		1.30750		0.01342		-0.12124
9.00		1.35945		0.01387		-0.12088
9.50		1.40588		0.01448		-0.11976
10.00		1.45231		0.01509		-0.11864
10.50		1.48899		0.01598		-0.11654
11.00		1.52567		0.01687		-0.11443
11.50		1.54241		0.01845		-0.11076
12.00		1.55915		0.02003		-0.10709
12.50		1.37749		0.03961		-0.11135
13.00		1.19583		0.05918		-0.11562
13.50		1.14801		0.06695		-0.11419
14.00		1.10018		0.07472		-0.11276
15.00		1.04995		0.08879		-0.11057
16.00		1.02155		0.10270		-0.10930
17.00		1.00735		0.11718		-0.10950
18.00		1.00990		0.13292		-0.11172
19.00		1.03970		0.15277		-0.11769
20.00		1.06549		0.17339		-0.12548
22.00		1.09464		0.21211		-0.14423
24.00		1.06740		0.24847		-0.16350
26.00		1.04625		0.28719		-0.17990
28.00		1.02921		0.32807		-0.19433
30.00		1.01481		0.37093		-0.20741
32.00		1.00189		0.41555		-0.21953
34.00		0.98960		0.46170		-0.23095
36.00		0.97723		0.50918		-0.24186
38.00		0.96424		0.55774		-0.25238
40.00		0.95019		0.60715		-0.26261
45.00		0.90831		0.73279		-0.28725
50.00		0.85415		0.85838		-0.31088
55.00		0.77878		0.97630		-0.33318
60.00		0.70340		1.09422		-0.35549
65.00		0.60121		1.19017		-0.37562
70.00		0.49901		1.28611		-0.39574
75.00		0.37768		1.34845		-0.41275
80.00		0.25636		1.41078		-0.42976
85.00		0.12818		1.43192		-0.44249
90.00		0.00000		1.45306		-0.45522
95.00		-0.08973	1.43192		-0.46138
100.00		-0.17945	1.41078		-0.46755
105.00		-0.26438	1.34845		-0.46550
110.00		-0.34930	1.28611		-0.46345
115.00		-0.42084	1.19017		-0.45509
120.00		-0.49238	1.09422		-0.44672
125.00		-0.54514	0.97630		-0.43529
130.00		-0.59790	0.85838		-0.42386
135.00		-0.63152	0.73276		-0.41419
140.00		-0.66513	0.60715		-0.40452
145.00		-0.68775	0.48904		-0.40497
150.00		-0.71036	0.37093		-0.40543
155.00		-0.70348	0.28188		-0.43154
160.00		-0.69659	0.19283		-0.45765
165.00		-0.52244	0.14462		-0.47882
170.00		-0.34830	0.09642		-0.50000
175.00		-0.17415	0.04821		-0.25000
180.00		0.00000		0.00000		0.00000
4    145  35.0000  DU00-W2-350 (Re=3.0E+06)
-180.00		0.00000		0.00000		0.00000
-175.00		0.21663		0.05355		0.20000
-170.00		0.43326		0.10710		0.40000
-165.00		0.61988		0.16312		0.21212
-160.00		0.80649		0.21914		0.02423
-155.00		0.76278		0.31386		0.04828
-150.00		0.71907		0.40857		0.07232
-145.00		0.69475		0.52451		0.09414
-140.00		0.67043		0.64045		0.11597
-135.00		0.63573		0.76338		0.13951
-130.00		0.60104		0.88632		0.16306
-125.00		0.54755		1.00114		0.18718
-120.00		0.49406		1.11595		0.21130
-115.00		0.42204		1.20847		0.23353
-110.00		0.35003		1.30098		0.25576
-105.00		0.26483		1.35966		0.27333
-100.00		0.17963		1.41833		0.29090
-95.00		0.08981		1.43570		0.30132
-90.00		0.00000		1.45306		0.31175
-85.00		-0.08981	1.43570		0.31590
-80.00		-0.17963	1.41833		0.32005
-75.00		-0.26483	1.35966		0.31618
-70.00		-0.35003	1.30098		0.31232
-65.00		-0.42204	1.20847		0.30236
-60.00		-0.49406	1.11595		0.29240
-55.00		-0.54755	1.00114		0.27948
-50.00		-0.60104	0.88632		0.26655
-45.00		-0.63992	0.76352		0.25402
-40.00		-0.67043	0.64045		0.24362
-38.00		-0.68082	0.59199		0.24047
-36.00		-0.69053	0.54435		0.23813
-34.00		-0.69986	0.49774		0.23679
-32.00		-0.70921	0.45241		0.23670
-30.00		-0.71907	0.40857		0.23815
-28.00		-0.73009	0.36645		0.24156
-26.00		-0.74308	0.32626		0.24744
-24.00		-0.75909	0.28818		0.25655
-22.00		-0.77958	0.25242		0.26993
-20.00		-0.80649	0.21914		0.28913
-19.00		-0.79145	0.20363		0.26529
-18.00		-0.77641	0.18812		0.24144
-17.00		-0.76137	0.17262		0.21760
-16.00		-0.74633	0.15711		0.19375
-15.00		-0.73129	0.14160		0.16991
-14.00		-0.71625	0.12609		0.14607
-13.50		-0.70873	0.11834		0.13414
-13.00		-0.70121	0.11058		0.12222
-12.50		-0.69369	0.10283		0.11030
-12.00		-0.68617	0.09507		0.09838
-11.50		-0.67864	0.08732		0.08645
-11.00		-0.67112	0.07956		0.07453
-10.50		-0.66360	0.07181		0.06261
-10.00		-0.65608	0.06406		0.05069
-9.50		-0.64856	0.05630		0.03877
-9.00		-0.64104	0.04855		0.02684
-8.50		-0.63352	0.04079		0.01492
-8.00		-0.62600	0.03304		0.00300
-7.50		-0.58350	0.02942		-0.00100
-7.00		-0.54100	0.02580		-0.00500
-6.50		-0.49400	0.02266		-0.00950
-6.00		-0.44700	0.01953		-0.01400
-5.50		-0.39550	0.01766		-0.01850
-5.00		-0.34400	0.01579		-0.02300
-4.50		-0.28850	0.01430		-0.02800
-4.00		-0.23300	0.01281		-0.03300
-3.50		-0.17400	0.01235		-0.03800
-3.00		-0.11500	0.01189		-0.04300
-2.50		-0.05400	0.01130		-0.04750
-2.00		0.00700		0.01071		-0.05200
-1.50		0.07000		0.01052		-0.05600
-1.00		0.13300		0.01033		-0.06000
-0.50		0.19700		0.01023		-0.06400
0.00		0.26100		0.01014		-0.06800
0.50		0.32600		0.01013		-0.07150
1.00		0.39100		0.01012		-0.07500
1.50		0.45650		0.01029		-0.07850
2.00		0.52200		0.01047		-0.08200
2.50		0.58700		0.01064		-0.08450
3.00		0.65200		0.01081		-0.08700
3.50		0.71550		0.01108		-0.08900
4.00		0.77900		0.01135		-0.09100
4.50		0.84050		0.01172		-0.09300
5.00		0.90200		0.01209		-0.09500
5.50		0.96100		0.01247		-0.09650
6.00		1.02000		0.01285		-0.09800
6.50		1.07450		0.01338		-0.09900
7.00		1.12900		0.01392		-0.10000
7.50		1.17800		0.01463		-0.10100
8.00		1.22700		0.01534		-0.10200
8.50		1.26750		0.01630		-0.10300
9.00		1.30800		0.01725		-0.10400
9.50		1.33850		0.01972		-0.10500
10.00		1.36900		0.02220		-0.10600
10.50		1.38100		0.02577		-0.10650
11.00		1.39300		0.02935		-0.10700
11.50		1.36750		0.03515		-0.10750
12.00		1.34200		0.04095		-0.10800
12.50		1.31650		0.04984		-0.10850
13.00		1.29100		0.05874		-0.10900
13.50		1.27000		0.06919		-0.10900
14.00		1.24900		0.07965		-0.10900
15.00		1.21100		0.10344		-0.11000
16.00		1.18800		0.12955		-0.11900
17.00		1.17200		0.15439		-0.13200
18.00		1.16500		0.17908		-0.14300
19.00		1.17600		0.20349		-0.14800
20.00		1.15213		0.21914		-0.15682
22.00		1.11368		0.25242		-0.17182
24.00		1.08442		0.28818		-0.18445
26.00		1.06154		0.32626		-0.19559
28.00		1.04299		0.36645		-0.20577
30.00		1.02725		0.40857		-0.21532
32.00		1.01315		0.45241		-0.22445
34.00		0.99979		0.49774		-0.23330
36.00		0.98647		0.54435		-0.24195
38.00		0.97260		0.59199		-0.25046
40.00		0.95776		0.64045		-0.25885
45.00		0.91418		0.76352		-0.27943
50.00		0.85862		0.88632		-0.29945
55.00		0.78221		1.00114		-0.31836
60.00		0.70580		1.11595		-0.33726
65.00		0.60292		1.20847		-0.35390
70.00		0.50004		1.30098		-0.37055
75.00		0.37833		1.35966		-0.38384
80.00		0.25661		1.41833		-0.39714
85.00		0.12831		1.43570		-0.40596
90.00		0.00000		1.45306		-0.41478
95.00		-0.08981	1.43570		-0.41894
100.00		-0.17963	1.41833		-0.42309
105.00		-0.26483	1.35966		-0.41922
110.00		-0.35003	1.30098		-0.41536
115.00		-0.42204	1.20847		-0.40540
120.00		-0.49406	1.11595		-0.39544
125.00		-0.54755	1.00114		-0.38251
130.00		-0.60104	0.88632		-0.36959
135.00		-0.63573	0.76338		-0.35812
140.00		-0.67043	0.64045		-0.34666
145.00		-0.69475	0.52451		-0.34393
150.00		-0.71907	0.40857		-0.34119
155.00		-0.76278	0.31386		-0.36668
160.00		-0.80649	0.21914		-0.39217
165.00		-0.60487	0.16435		-0.44608
170.00		-0.40325	0.10957		-0.50000
175.00		-0.20162	0.05479		-0.25000
180.00		0.00000		0.00000		0.00000
5     145  40.0000   FX77-W-400 (Re=3.0E+06)
-180.000	0.00000	    0.01000	    0.00000
-175.000	0.24645	    0.01000	    0.20000
-170.000	0.49290	    0.01000	    0.40000
-165.000	0.60310	    0.05210	    0.35275
-160.000	0.71330	    0.09420	    0.30550
-155.000	0.67505	    0.18220	    0.28230
-150.000	0.63680	    0.27020	    0.25910
-145.000	0.61555	    0.37850	    0.26145
-140.000	0.59430	    0.48680	    0.26380
-135.000	0.56365	    0.60250	    0.27460
-130.000	0.53300	    0.71820	    0.28540
-125.000	0.48565	    0.82775	    0.29825
-120.000	0.43830	    0.93730	    0.31110
-115.000	0.37445	    1.02790	    0.32190
-110.000	0.31060	    1.11850	    0.33270
-105.000	0.23500	    1.17955	    0.33850
-100.000	0.15940	    1.24060	    0.34430
-95.000	    0.07970	    1.26530	    0.34305
-90.000	    0.00000	    1.29000	    0.34180
-85.000	   -0.07970	    1.26530	    0.33040
-80.000	   -0.15940	    1.24060	    0.31900
-75.000	   -0.23500	    1.17955	    0.30175
-70.000	   -0.31060	    1.11850	    0.28450
-65.000	   -0.37445	    1.02790	    0.26370
-60.000	   -0.43830	    0.93730	    0.24290
-55.000	   -0.48565	    0.82775	    0.22125
-50.000	   -0.53300	    0.71820	    0.19960
-45.000	   -0.56365	    0.60250	    0.17925
-40.000	   -0.59430	    0.48680	    0.15890
-38.000	   -0.60280	    0.44348	    0.15168
-36.000	   -0.61130	    0.40016	    0.14446
-34.000	   -0.61980	    0.35684	    0.13724
-32.000	   -0.62830	    0.31352	    0.13002
-30.000	   -0.63680	    0.27020	    0.12280
-28.000	   -0.65210	    0.23500	    0.11510
-26.000	   -0.66740	    0.19980	    0.10740
-24.000	   -0.68270	    0.16460	    0.09970
-22.000	   -0.69800	    0.12940	    0.09200
-20.000	   -0.71330	    0.09420	    0.08430
-19.000	   -0.68902	    0.08822	    0.07428
-18.000	   -0.66474	    0.08224	    0.06426
-17.000	   -0.64046	    0.07626	    0.05424
-16.000	   -0.61618	    0.07028	    0.04422
-15.000	   -0.59190	    0.06430	    0.03420
-14.000	   -0.56762	    0.05832	    0.02418
-13.500	   -0.55548	    0.05533	    0.01917
-13.000	   -0.54334	    0.05234	    0.01416
-12.500	   -0.53120	    0.04935	    0.00915
-12.000	   -0.51906	    0.04636	    0.00414
-11.500	   -0.50692	    0.04337	    -0.00087
-11.000	   -0.49478	    0.04038	    -0.00588
-10.500	   -0.48264	    0.03739	    -0.01089
-10.000	   -0.47050	    0.03440	    -0.01590
-9.500	   -0.44398	    0.03393	    -0.01587
-9.000	   -0.41746	    0.03346	    -0.01584
-8.500	   -0.39094	    0.03299	    -0.01581
-8.000	   -0.36441	    0.03251	    -0.01579
-7.500	   -0.33789	    0.03204	    -0.01576
-7.000	   -0.31137	    0.03157	    -0.01573
-6.500	   -0.28485	    0.03110	    -0.01570
-6.000	   -0.25833	    0.03063	    -0.01567
-5.500	   -0.23181	    0.03016	    -0.01564
-5.000	   -0.20529	    0.02969	    -0.01561
-4.500	   -0.17876	    0.02921	    -0.01559
-4.000	   -0.15224	    0.02874	    -0.01556
-3.500	   -0.12572	    0.02827	    -0.01553
-3.000	   -0.09920	    0.02780	    -0.01550
-2.500	   -0.03120	    0.02780	    -0.01850
-2.000	    0.03680	    0.02780	    -0.02020
-1.500	    0.10480	    0.02780	    -0.02190
-1.000	    0.17280	    0.02780	    -0.02370
-0.500	    0.24080	    0.02790	    -0.02540
0.000	    0.30880	    0.02790	    -0.02710
0.500	    0.37680	    0.02790	    -0.02880
1.000	    0.44480	    0.02790	    -0.03060
1.500	    0.51280	    0.02790	    -0.03230
2.000	    0.57980	    0.02800	    -0.03420
2.500	    0.64620	    0.02800	    -0.03630
3.000	    0.71260	    0.02800	    -0.03850
3.500	    0.77900	    0.02800	    -0.04070
4.000	    0.84540	    0.02810	    -0.04290
4.500	    0.91180	    0.02810	    -0.04500
5.000	    0.97820	    0.02810	    -0.04720
5.500	    1.04460	    0.02820	    -0.04940
6.000	    1.11100	    0.02820	    -0.05160
6.500	    1.17740	    0.02820	    -0.05370
7.000	    1.24380	    0.02830	    -0.05590
7.500	    1.31020	    0.02830	    -0.05810
8.000	    1.37400	    0.02830	    -0.06110
8.500	    1.43400	    0.02840	    -0.06440
9.000	    1.49400	    0.02850	    -0.06770
9.500	    1.55400	    0.02860	    -0.07100
10.000	    1.61400	    0.02870	    -0.07430
10.500	    1.66290	    0.02880	    -0.07760
11.000	    1.69530	    0.02900	    -0.08090
11.500	    1.72770	    0.02920	    -0.08420
12.000	    1.76000	    0.03010	    -0.08750
12.500	    0.98600	    0.03340	    -0.05890
13.000	    0.97250	    0.03510	    -0.05980
13.500	    0.98500	    0.03650	    -0.06180
14.000	    0.99750	    0.03770	    -0.06410
15.000	    1.05400	    0.03930	    -0.06890
16.000	    1.12670	    0.04000	    -0.07420
17.000	    1.09980	    0.05355	    -0.08338
18.000	    1.07290	    0.06710	    -0.09255
19.000	    1.04600	    0.08065	    -0.10173
20.000	    1.01910	    0.09420	    -0.11090
22.000	    0.99724	    0.12940	    -0.12040
24.000	    0.97538	    0.16460	    -0.12990
26.000	    0.95352	    0.19980	    -0.13940
28.000	    0.93166	    0.23500	    -0.14890
30.000	    0.90980	    0.27020	    -0.15840
32.000	    0.89762	    0.31352	    -0.16558
34.000	    0.88544	    0.35684	    -0.17276
36.000	    0.87326	    0.40016	    -0.17994
38.000	    0.86108	    0.44348	    -0.18712
40.000	    0.84890	    0.48680	    -0.19430
45.000	    0.80520	    0.60250	    -0.21175
50.000	    0.76150	    0.71820	    -0.22920
55.000	    0.69385	    0.82775	    -0.24625
60.000	    0.62620	    0.93730	    -0.26330
65.000	    0.53495	    1.02790	    -0.27910
70.000	    0.44370	    1.11850	    -0.29490
75.000	    0.33575	    1.17955	    -0.30840
80.000	    0.22780	    1.24060	    -0.32190
85.000	    0.11390	    1.26530	    -0.33185
90.000	    0.00000	    1.29000	    -0.34180
95.000	    -0.07970	1.26530	    -0.34305
100.000	    -0.15940	1.24060	    -0.34430
105.000	    -0.23500	1.17955	    -0.33850
110.000	    -0.31060	1.11850	    -0.33270
115.000	    -0.37445	1.02790	    -0.32190
120.000	    -0.43830	0.93730	    -0.31110
125.000	    -0.48565	0.82775	    -0.29825
130.000	    -0.53300	0.71820	    -0.28540
135.000	    -0.56365	0.60250	    -0.27460
140.000	    -0.59430	0.48680	    -0.26380
145.000	    -0.61555	0.37850	    -0.26145
150.000	    -0.63680	0.27020	    -0.25910
155.000	    -0.67505	0.18220	    -0.28230
160.000	    -0.71330	0.09420	    -0.30550
165.000	    -0.60310	0.05210	    -0.40275
170.000	    -0.49290	0.01000	    -0.50000
175.000	    -0.24645	0.01000	    -0.25000
180.000	     0.00000	0.01000	    0.00000
 6     145  50.0000 FX77-W-500 (RE=3.0E+06)			
-180.000	0.00000		0.15460		0.00000
-175.000	0.22000		0.17285		0.20000
-170.000	0.44000		0.19110		0.40000
-165.000	0.54655		0.24365		0.35840
-160.000	0.65310		0.29620		0.31680
-155.000	0.62745		0.37630		0.30045
-150.000	0.60180		0.45640		0.28410
-145.000	0.58740		0.55390		0.28905
-140.000	0.57300		0.65140		0.29400
-135.000	0.54675		0.75390		0.30470
-130.000	0.52050		0.85640		0.31540
-125.000	0.47605		0.95060		0.32595
-120.000	0.43160		1.04480		0.33650
-115.000	0.36965		1.11840		0.34335
-110.000	0.30770		1.19200		0.35020
-105.000	0.23320		1.23495		0.35100
-100.000	0.15870		1.27790		0.35180
-95.000		0.07935		1.28395		0.34530
-90.000		0.00000		1.29000		0.33880
-85.000		-0.07935	1.28395		0.33125
-80.000		-0.15870	1.27790		0.32370
-75.000		-0.23320	1.23495		0.30935
-70.000		-0.30770	1.19200		0.29500
-65.000		-0.36965	1.11840		0.27565
-60.000		-0.43160	1.04480		0.25630
-55.000		-0.47605	0.95060		0.23435
-50.000		-0.52050	0.85640		0.21240
-45.000		-0.54675	0.75390		0.18985
-40.000		-0.57300	0.65140		0.16730
-38.000		-0.57876	0.61240		0.15848
-36.000		-0.58452	0.57340		0.14966
-34.000		-0.59028	0.53440		0.14084
-32.000		-0.59604	0.49540		0.13202
-30.000		-0.60180	0.45640		0.12320
-28.000		-0.61206	0.42436		0.11322
-26.000		-0.62232	0.39232		0.10324
-24.000		-0.63258	0.36028		0.09326
-22.000		-0.64284	0.32824		0.08328
-20.000		-0.65310	0.29620		0.07330
-19.000		-0.62655	0.28357		0.06342
-18.000		-0.60000	0.27094		0.05354
-17.000		-0.57345	0.25831		0.04366
-16.000		-0.54690	0.24568		0.03378
-15.000		-0.52035	0.23305		0.02390
-14.000		-0.49380	0.22042		0.01402
-13.500		-0.48053	0.21411		0.00908
-13.000		-0.46725	0.20779		0.00414
-12.500		-0.45398	0.20148		-0.00080
-12.000		-0.44070	0.19516		-0.00574
-11.500		-0.42743	0.18885		-0.01068
-11.000		-0.41415	0.18253		-0.01562
-10.500		-0.40088	0.17622		-0.02056
-10.000		-0.38760	0.16990		-0.02550
-9.500		-0.36131	0.16352		-0.02474
-9.000		-0.33501	0.15714		-0.02399
-8.500		-0.30872	0.15075		-0.02323
-8.000		-0.28242	0.14437		-0.02247
-7.500		-0.25613	0.13799		-0.02171
-7.000		-0.22984	0.13161		-0.02096
-6.500		-0.20354	0.12522		-0.02020
-6.000		-0.17725	0.11884		-0.01944
-5.500		-0.15095	0.11246		-0.01868
-5.000		-0.12466	0.10608		-0.01793
-4.500		-0.09836	0.09969		-0.01717
-4.000		-0.07207	0.09331		-0.01641
-3.500		-0.04578	0.08693		-0.01565
-3.000		-0.00714	0.08330		-0.01602
-2.500		0.05000		0.08379		-0.01807
-2.000		0.10714		0.08428		-0.02012
-1.500		0.16429		0.08477		-0.02217
-1.000		0.22143		0.08526		-0.02422
-0.500		0.27857		0.08574		-0.02628
0.000		0.33571		0.08623		-0.02833
0.500		0.39286		0.08672		-0.03038
1.000		0.45000		0.08721		-0.03243
1.500		0.50714		0.08770		-0.03448
2.000		0.57000		0.08779		-0.03668
2.500		0.63667		0.08761		-0.03899
3.000		0.70333		0.08743		-0.04130
3.500		0.77000		0.08725		-0.04361
4.000		0.83667		0.08707		-0.04592
4.500		0.90333		0.08689		-0.04822
5.000		0.97000		0.08672		-0.05053
5.500		1.03667		0.08654		-0.05284
6.000		1.09774		0.08637		-0.05551
6.500		1.15742		0.08621		-0.05826
7.000		1.21710		0.08605		-0.06102
7.500		1.27677		0.08589		-0.06378
8.000		1.33645		0.08573		-0.06654
8.500		1.39613		0.08556		-0.06930
9.000		1.44438		0.08625		-0.07250
9.500		1.48500		0.08750		-0.07600
10.000		1.52563		0.08875		-0.07950
10.500		1.24000		0.10540		-0.08300
11.000		1.07325		0.12560		-0.04385
11.500		1.04503		0.14100		-0.03737
12.000		1.02796		0.15542		-0.03908
12.500		1.01711		0.16922		-0.04078
13.000		1.00973		0.18250		-0.04248
13.500		1.00754		0.19500		-0.04416
14.000		1.00722		0.20640		-0.04582
15.000		1.00829		0.22748		-0.04928
16.000		1.01175		0.24586		-0.05266
17.000		0.99385		0.25889		-0.06251
18.000		0.97356		0.27133		-0.07307
19.000		0.95328		0.28376		-0.08364
20.000		0.93300		0.29620		-0.09420
22.000		0.91836		0.32824		-0.10636
24.000		0.90372		0.36028		-0.11852
26.000		0.88908		0.39232		-0.13068
28.000		0.87444		0.42436		-0.14284
30.000		0.85980		0.45640		-0.15500
32.000		0.85154		0.49540		-0.16410
34.000		0.84328		0.53440		-0.17320
36.000		0.83502		0.57340		-0.18230
38.000		0.82676		0.61240		-0.19140
40.000		0.81850		0.65140		-0.20050
45.000		0.78100		0.75390		-0.22065
50.000		0.74350		0.85640		-0.24080
55.000		0.68000		0.95060		-0.25845
60.000		0.61650		1.04480		-0.27610
65.000		0.52805		1.11840		-0.29065
70.000		0.43960		1.19200		-0.30520
75.000		0.33320		1.23495		-0.31590
80.000		0.22680		1.27790		-0.32660
85.000		0.11340		1.28395		-0.33270
90.000		0.00000		1.29000		-0.33880
95.000		-0.07935	1.28395		-0.34530
100.000		-0.15870	1.27790		-0.35180
105.000		-0.23320	1.23495		-0.35100
110.000		-0.30770	1.19200		-0.35020
115.000		-0.36965	1.11840		-0.34335
120.000		-0.43160	1.04480		-0.33650
125.000		-0.47605	0.95060		-0.32595
130.000		-0.52050	0.85640		-0.31540
135.000		-0.54675	0.75390		-0.30470
140.000		-0.57300	0.65140		-0.29400
145.000		-0.58740	0.55390		-0.28905
150.000		-0.60180	0.45640		-0.28410
155.000		-0.62745	0.37630		-0.30045
160.000		-0.65310	0.29620		-0.31680
165.000		-0.54655	0.24365		-0.40840
170.000		-0.44000	0.19110		-0.50000
175.000		-0.22000	0.17285		-0.25000
180.000		0.00000		0.15460		0.00000
7     145   100.0000  Cylinder (RE=6.0E+06)	
-180.00		0.00000		0.60000		0.00000
-175.00		0.00000		0.60000		0.00000
-170.00		0.00000		0.60000		0.00000
-165.00		0.00000		0.60000		0.00000
-160.00		0.00000		0.60000		0.00000
-155.00		0.00000		0.60000		0.00000
-150.00		0.00000		0.60000		0.00000
-145.00		0.00000		0.60000		0.00000
-140.00		0.00000		0.60000		0.00000
-135.00		0.00000		0.60000		0.00000
-130.00		0.00000		0.60000		0.00000
-125.00		0.00000		0.60000		0.00000
-120.00		0.00000		0.60000		0.00000
-115.00		0.00000		0.60000		0.00000
-110.00		0.00000		0.60000		0.00000
-105.00		0.00000		0.60000		0.00000
-100.00		0.00000		0.60000		0.00000
-95.00		0.00000		0.60000		0.00000
-90.00		0.00000		0.60000		0.00000
-85.00		0.00000		0.60000		0.00000
-80.00		0.00000		0.60000		0.00000
-75.00		0.00000		0.60000		0.00000
-70.00		0.00000		0.60000		0.00000
-65.00		0.00000		0.60000		0.00000
-60.00		0.00000		0.60000		0.00000
-55.00		0.00000		0.60000		0.00000
-50.00		0.00000		0.60000		0.00000
-45.00		0.00000		0.60000		0.00000
-40.00		0.00000		0.60000		0.00000
-38.00		0.00000		0.60000		0.00000
-36.00		0.00000		0.60000		0.00000
-34.00		0.00000		0.60000		0.00000
-32.00		0.00000		0.60000		0.00000
-30.00		0.00000		0.60000		0.00000
-28.00		0.00000		0.60000		0.00000
-26.00		0.00000		0.60000		0.00000
-24.00		0.00000		0.60000		0.00000
-22.00		0.00000		0.60000		0.00000
-20.00		0.00000		0.60000		0.00000
-19.00		0.00000		0.60000		0.00000
-18.00		0.00000		0.60000		0.00000
-17.00		0.00000		0.60000		0.00000
-16.00		0.00000		0.60000		0.00000
-15.00		0.00000		0.60000		0.00000
-14.00		0.00000		0.60000		0.00000
-13.50		0.00000		0.60000		0.00000
-13.00		0.00000		0.60000		0.00000
-12.50		0.00000		0.60000		0.00000
-12.00		0.00000		0.60000		0.00000
-11.50		0.00000		0.60000		0.00000
-11.00		0.00000		0.60000		0.00000
-10.50		0.00000		0.60000		0.00000
-10.00		0.00000		0.60000		0.00000
-9.50		0.00000		0.60000		0.00000
-9.00		0.00000		0.60000		0.00000
-8.50		0.00000		0.60000		0.00000
-8.00		0.00000		0.60000		0.00000
-7.50		0.00000		0.60000		0.00000
-7.00		0.00000		0.60000		0.00000
-6.50		0.00000		0.60000		0.00000
-6.00		0.00000		0.60000		0.00000
-5.50		0.00000		0.60000		0.00000
-5.00		0.00000		0.60000		0.00000
-4.50		0.00000		0.60000		0.00000
-4.00		0.00000		0.60000		0.00000
-3.50		0.00000		0.60000		0.00000
-3.00		0.00000		0.60000		0.00000
-2.50		0.00000		0.60000		0.00000
-2.00		0.00000		0.60000		0.00000
-1.50		0.00000		0.60000		0.00000
-1.00		0.00000		0.60000		0.00000
-0.50		0.00000		0.60000		0.00000
0.00		0.00000		0.60000		0.00000
0.50		0.00000		0.60000		0.00000
1.00		0.00000		0.60000		0.00000
1.50		0.00000		0.60000		0.00000
2.00		0.00000		0.60000		0.00000
2.50		0.00000		0.60000		0.00000
3.00		0.00000		0.60000		0.00000
3.50		0.00000		0.60000		0.00000
4.00		0.00000		0.60000		0.00000
4.50		0.00000		0.60000		0.00000
5.00		0.00000		0.60000		0.00000
5.50		0.00000		0.60000		0.00000
6.00		0.00000		0.60000		0.00000
6.50		0.00000		0.60000		0.00000
7.00		0.00000		0.60000		0.00000
7.50		0.00000		0.60000		0.00000
8.00		0.00000		0.60000		0.00000
8.50		0.00000		0.60000		0.00000
9.00		0.00000		0.60000		0.00000
9.50		0.00000		0.60000		0.00000
10.00		0.00000		0.60000		0.00000
10.50		0.00000		0.60000		0.00000
11.00		0.00000		0.60000		0.00000
11.50		0.00000		0.60000		0.00000
12.00		0.00000		0.60000		0.00000
12.50		0.00000		0.60000		0.00000
13.00		0.00000		0.60000		0.00000
13.50		0.00000		0.60000		0.00000
14.00		0.00000		0.60000		0.00000
15.00		0.00000		0.60000		0.00000
16.00		0.00000		0.60000		0.00000
17.00		0.00000		0.60000		0.00000
18.00		0.00000		0.60000		0.00000
19.00		0.00000		0.60000		0.00000
20.00		0.00000		0.60000		0.00000
22.00		0.00000		0.60000		0.00000
24.00		0.00000		0.60000		0.00000
26.00		0.00000		0.60000		0.00000
28.00		0.00000		0.60000		0.00000
30.00		0.00000		0.60000		0.00000
32.00		0.00000		0.60000		0.00000
34.00		0.00000		0.60000		0.00000
36.00		0.00000		0.60000		0.00000
38.00		0.00000		0.60000		0.00000
40.00		0.00000		0.60000		0.00000
45.00		0.00000		0.60000		0.00000
50.00		0.00000		0.60000		0.00000
55.00		0.00000		0.60000		0.00000
60.00		0.00000		0.60000		0.00000
65.00		0.00000		0.60000		0.00000
70.00		0.00000		0.60000		0.00000
75.00		0.00000		0.60000		0.00000
80.00		0.00000		0.60000		0.00000
85.00		0.00000		0.60000		0.00000
90.00		0.00000		0.60000		0.00000
95.00		0.00000		0.60000		0.00000
100.00		0.00000		0.60000		0.00000
105.00		0.00000		0.60000		0.00000
110.00		0.00000		0.60000		0.00000
115.00		0.00000		0.60000		0.00000
120.00		0.00000		0.60000		0.00000
125.00		0.00000		0.60000		0.00000
130.00		0.00000		0.60000		0.00000
135.00		0.00000		0.60000		0.00000
140.00		0.00000		0.60000		0.00000
145.00		0.00000		0.60000		0.00000
150.00		0.00000		0.60000		0.00000
155.00		0.00000		0.60000		0.00000
160.00		0.00000		0.60000		0.00000
165.00		0.00000		0.60000		0.00000
170.00		0.00000		0.60000		0.00000
175.00		0.00000		0.60000		0.00000
180.00		0.00000		0.60000		0.00000